anio produccion coste
2000.00 56.439 2.1887e+05
2000.25 56.439 1.9837e+05
2000.50 56.439 1.7978e+05
2000.75 56.439 1.6294e+05
2001.00 56.439 1.4647e+05
2001.25 56.439 1.2846e+05
2001.50 56.439 1.1175e+05
2001.75 56.439 97216
2002.00 58.321 84570
2002.25 74.581 71782
2002.50 121.96 60927
2002.75 234.99 51714
2003.00 334.29 43536
2003.25 390.64 36055
2003.50 417.11 31623
2003.75 487.41 27964
2004.00 716.51 22596
2004.25 1380.5 16413
2004.50 3572.8 10202
2004.75 7113.1 5295.3
2005.00 11443 3238.1
2005.25 15371 2184.7
2005.50 21689 1498.4
2005.75 33217 1044.7
2006.00 50873 746.49
2006.25 68336 524.73
2006.50 93312 348.28
2006.75 1.2742e+05 223.71
2007.00 1.8578e+05 146.07
2007.25 3.7597e+05 103.52
2007.50 7.609e+05 73.368
2007.75 1.5025e+06 51.997
2008.00 2.5183e+06 30.77
2008.25 3.5533e+06 21.63
2008.50 4.5814e+06 14.474
2008.75 5.8109e+06 9.6072
2009.00 8.0658e+06 6.9213
2009.25 1.4554e+07 5.0688
2009.50 3.4701e+07 3.9637
2009.75 5.4025e+07 3.2292
2010.00 6.9656e+07 2.8092
2010.25 8.2741e+07 2.6743
2010.50 9.1294e+07 2.5046
2010.75 9.7482e+07 2.4238
2011.00 1.0073e+08 2.2699
2011.25 1.024e+08 2.1967
2011.50 1.0409e+08 2.1258
2011.75 1.0409e+08 2.0238
2012.00 1.0756e+08 1.9909
2012.25 1.1114e+08 2.1085
2012.50 1.1675e+08 2.0405
2012.75 1.2672e+08 1.775
2013.00 1.433e+08 1.8044
2013.25 1.7162e+08 1.7462
2013.50 2.159e+08 1.519
2013.75 3.0215e+08 1.5826
2014.00 4.4054e+08 1.6087
