anio valor
1996.25 8.5655
1996.50 10.514
1996.75 12.489
1997.00 14.239
1997.25 15.711
1997.50 16.776
1997.75 17.913
1998.00 19.765
1998.25 23.096
1998.50 30.27
1998.75 40.661
1999.00 49.502
1999.25 54.173
1999.50 56.439
1999.75 56.439
2000.00 56.439
2000.25 56.439
2000.50 56.439
2000.75 56.439
2001.00 56.439
2001.25 56.439
2001.50 56.439
2001.75 56.439
2002.00 58.321
2002.25 74.581
2002.50 121.96
2002.75 234.99
2003.00 334.29
2003.25 390.64
2003.50 417.11
2003.75 487.41
2004.00 716.51
2004.25 1380.5
2004.50 3572.8
2004.75 7113.1
2005.00 11443
2005.25 15371
2005.50 21689
2005.75 33217
2006.00 50873
2006.25 68336
2006.50 93312
2006.75 1.2742e+05
2007.00 1.8578e+05
2007.25 3.7597e+05
2007.50 7.609e+05
2007.75 1.5025e+06
2008.00 2.5183e+06
2008.25 3.5533e+06
2008.50 4.5814e+06
2008.75 5.8109e+06
2009.00 8.0658e+06
2009.25 1.4554e+07
2009.50 3.4701e+07
2009.75 5.4025e+07
2010.00 6.9656e+07
2010.25 8.2741e+07
2010.50 9.1294e+07
2010.75 9.7482e+07
2011.00 1.0073e+08
2011.25 1.024e+08
2011.50 1.0409e+08
2011.75 1.0409e+08
2012.00 1.0756e+08
2012.25 1.1114e+08
2012.50 1.1675e+08
2012.75 1.2672e+08
2013.00 1.433e+08
2013.25 1.7162e+08
2013.50 2.159e+08
2013.75 3.0215e+08
2014.00 4.4054e+08
