anio valor
1995.25 1.0914e+06
1995.50 9.7304e+05
1995.75 8.8188e+05
1996.00 8.0584e+05
1996.25 7.3636e+05
1996.50 6.6737e+05
1996.75 6.2501e+05
1997.00 5.6645e+05
1997.25 5.305e+05
1997.50 4.9682e+05
1997.75 4.808e+05
1998.00 4.5028e+05
1998.25 4.217e+05
1998.50 3.8851e+05
1998.75 3.5211e+05
1999.00 3.1393e+05
1999.25 2.7534e+05
1999.50 2.4955e+05
1999.75 2.3371e+05
2000.00 2.1887e+05
2000.25 1.9837e+05
2000.50 1.7978e+05
2000.75 1.6294e+05
2001.00 1.4647e+05
2001.25 1.2846e+05
2001.50 1.1175e+05
2001.75 97216
2002.00 84570
2002.25 71782
2002.50 60927
2002.75 51714
2003.00 43536
2003.25 36055
2003.50 31623
2003.75 27964
2004.00 22596
2004.25 16413
2004.50 10202
2004.75 5295.3
2005.00 3238.1
2005.25 2184.7
2005.50 1498.4
2005.75 1044.7
2006.00 746.49
2006.25 524.73
2006.50 348.28
2006.75 223.71
2007.00 146.07
2007.25 103.52
2007.50 73.368
2007.75 51.997
2008.00 30.77
2008.25 21.63
2008.50 14.474
2008.75 9.6072
2009.00 6.9213
2009.25 5.0688
2009.50 3.9637
2009.75 3.2292
2010.00 2.8092
2010.25 2.6743
2010.50 2.5046
2010.75 2.4238
2011.00 2.2699
2011.25 2.1967
2011.50 2.1258
2011.75 2.0238
2012.00 1.9909
2012.25 2.1085
2012.50 2.0405
2012.75 1.775
2013.00 1.8044
2013.25 1.7462
2013.50 1.519
2013.75 1.5826
2014.00 1.6087
2014.25 1.8645
2014.50 1.4343
2014.75 1.5315
2015.00 1.4343
2015.25 1.3655
2015.50 1.2999
2015.75 1.2174
2016.00 1.1402
2016.25 1.5315
2016.50 1.4821
2016.75 1.0504
2017.00 1.3106
2017.25 1.1976
2017.50 2.0573
2017.75 1.2477
2018.00 1.4821
2018.25 1.4821
2018.50 1.3543
2018.75 1.2174
2019.00 1.14
