anio genoma mb
2001.708 9.52631e+07 5292.39
2002.208 7.01754e+07 3898.64
2002.708 6.14484e+07 3413.8
2003.208 5.37517e+07 2986.2
2003.792 4.01576e+07 2230.97
2004.042 2.87804e+07 1598.91
2004.292 2.04426e+07 1135.7
2004.542 1.99343e+07 1107.46
2004.792 1.85193e+07 1028.85
2005.042 1.7535e+07 974.165
2005.292 1.61597e+07 897.761
2005.542 1.61802e+07 898.901
2005.792 1.38011e+07 766.729
2006.042 1.25857e+07 699.203
2006.292 1.17325e+07 651.807
2006.542 1.14553e+07 636.406
2006.792 1.04746e+07 581.92
2007.042 9.40874e+06 522.708
2007.292 9.047e+06 502.611
2007.542 8.92734e+06 495.963
2007.792 7.14757e+06 397.087
2008.042 3.06382e+06 102.127
2008.292 1.35298e+06 15.033
2008.542 752080 8.356
2008.792 342502 3.806
2009.042 232735 2.586
2009.292 154714 1.719
2009.542 108065 1.201
2009.792 70333.3 0.781
2010.042 46774.3 0.52
2010.292 31512 0.35
2010.542 31125 0.346
2010.792 29091.7 0.323
2011.042 20962.8 0.233
2011.292 16712 0.186
2011.542 10496.9 0.117
2011.792 7743.44 0.086
2012.042 7666.22 0.085
2012.292 5901.29 0.066
2012.542 5984.72 0.066
2012.792 6618.35 0.074
2013.042 5671.35 0.063
2013.292 5550.27 0.064
2013.542 5550.27 0.062
2013.792 5096.08 0.057
2014.042 4008.11 0.045
2014.292 4920.5 0.055
2014.542 4904.85 0.054
2014.792 5730.89 0.064
2015.042 3969.84 0.044
2015.292 4210.79 0.047
2015.542 1363.24 0.015
2015.792 1245.31 0.014
2016.375 1175.74 0.013
2016.625 1507.77 0.017
2016.875 1355.79 0.015
2017.125 1015.38 0.011
2017.375 1333.4 0.015
2017.625 1133.96 0.013
2017.875 1844.08 0.02
2018.125 1232.28 0.014
2018.375 1463.13 0.016
2018.625 1467.28 0.016
2018.875 1391.68 0.015
2019.125 993.136 0.011
2019.375 606.317 0.007
2019.625 942.147 0.01
2019.875 695.374 0.008
2020.125 644.616 0.007
2020.375 701.562 0.008
2020.625 688.566 0.008
2020.875 511.969 0.006
2021.125 850.841 0.009
2021.375 454.046 0.005
2021.625 562.175 0.006
2021.875 552.197 0.006
2022.125 524.625 0.006
2022.375 524.625 0.006
